idx,population
1,150178
2,203007
3,163049
4,147478
5,140000
6,119647
7,142579
8,22265426
9,350000
10,205059
11,198565
12,183274
13,147273
14,116980
15,19610000
16,13120596
17,12478447
18,11969284
19,11918057
20,11895893
21,11090314
22,11070654
23,11007835
24,10590000
25,10357938
26,9780644
27,9588198
28,8851080
29,8637098
30,8425970
31,8405837
32,8305218
33,8220937
34,8174100
35,8154051
36,7947121
37,7677122
38,7674366
39,7457589
40,7208618
41,7208200
42,7165828
43,7123340
44,7055071
45,6809970
46,6501189
47,6485175
48,6453682
49,6448837
50,6280000
51,6255921
52,6242000
53,5831541
54,5644235
55,5399200
56,5349090
57,5289364
58,5230000
59,5132794
60,5105860
61,4990602
62,4948920
63,4681087
64,4672619
65,4587200
66,4517549
67,4498535
68,4486679
69,4450000
70,4436257
71,4431719
72,4335900
73,4293416
74,4253627
75,4248344
76,4247414
77,4087733
78,4087152
79,4086734
80,3966553
81,3884307
82,3760636
83,3631236
84,3629813
85,3583429
86,3542319
87,3531347
88,3530115
89,3491597
90,3437171
91,3426522
92,3421829
93,3407963
94,3354934
95,3352076
96,3290548
97,3289000
98,3258540
99,3213271
100,3187171
101,3150000
102,3102000
103,3093980
104,3073350
105,3066110
106,3053778
107,3039500
108,3037159
109,3029372
110,2980800
111,2959518
112,2921763
113,2902927
114,2890151
115,2876374
116,2861784
117,2852372
118,2815601
119,2803716
120,2801481
121,2777979
122,2767031
123,2766258
124,2765487
125,2761720
126,2718782
127,2645305
128,2633420
129,2600200
130,2582175
131,2575478
132,2571896
133,2562152
134,2529000
135,2510951
136,2492325
137,2491109
138,2470000
139,2450559
140,2448710
141,2417325
142,2405421
143,2399079
144,2364230
145,2357838
146,2344507
147,2319684
148,2299026
149,2291158
150,2279433
151,2273326
152,2271544
153,2269862
154,2252288
155,2243833
156,2239464
157,2220624
158,2199689
159,2199590
160,2195914
161,2192065
162,2137218
163,2136595
164,2135201
165,2125136
166,2105291
167,2099328
168,2070801
169,2046189
170,2038400
171,2029797
172,2027000
173,2022867
174,2020301
175,1980774
176,1975803
177,1960631
178,1953801
179,1925948
180,1922005
181,1907666
182,1905570
183,1904319
184,1902500
185,1899999
186,1893063
187,1880000
188,1870600
189,1864416
190,1858875
191,1837302
192,1834184
193,1822640
194,1818872
195,1811732
196,1798601
197,1795648
198,1793197
199,1778583
200,1768947
201,1756126
202,1751696
203,1747152
204,1746342
205,1740041
206,1737517
207,1735500
208,1732047
209,1731236
210,1730320
211,1700612
212,1697976
213,1680000
214,1677985
215,1667000
216,1666826
217,1666703
218,1664218
219,1655015
220,1652171
221,1649825
222,1647642
223,1645675
224,1644783
225,1620758
226,1619146
227,1616063
228,1615717
229,1614626
230,1613878
231,1612300
232,1608488
233,1607022
234,1606745
235,1605602
236,1603700
237,1600692
238,1594829
239,1591518
240,1574542
241,1572000
242,1570791
243,1560229
244,1555984
245,1553165
246,1544084
247,1530847
248,1529400
249,1521600
250,1513367
251,1511369
252,1510103
253,1508000
254,1506156
255,1495182
256,1494998
257,1493874
258,1489040
259,1486973
260,1485231
261,1481637
262,1478733
263,1472482
264,1471978
265,1468906
266,1468061
267,1462383
268,1460665
269,1460000
270,1458536
271,1458036
272,1449296
273,1449284
274,1437802
275,1437686
276,1436599
277,1434062
278,1432844
279,1431461
280,1430371
281,1425606
282,1421834
283,1420285
284,1417567
285,1417082
286,1412364
287,1411380
288,1409436
289,1409019
290,1408632
291,1407836
292,1404653
293,1398427
294,1392000
295,1391499
296,1380000
297,1376000
298,1373630
299,1372565
300,1366800
301,1365105
302,1362062
303,1356987
304,1355896
305,1355331
306,1354686
307,1347298
308,1346708
309,1346700
310,1345086
311,1342258
312,1341054
313,1333526
314,1329604
315,1321609
316,1321004
317,1312197
318,1310000
319,1309023
320,1307042
321,1305082
322,1300983
323,1298500
324,1294168
325,1293877
326,1290322
327,278622
328,1290170
329,1285995
330,1278432
331,1267066
332,1266231
333,1257676
334,1253687
335,1251095
336,1250795
337,1248414
338,1248000
339,1246381
340,1246381
341,1238962
342,1235476
343,1234838
344,1232133
345,1230728
346,1229959
347,329000
348,1229800
349,1221233
350,1217715
351,1212000
352,1206946
353,1202761
354,1201900
355,1201815
356,1200400
357,1198304
358,1197174
359,1194583
360,1192792
361,1192418
362,1188000
363,1187089
364,1178873
365,1172700
366,1170485
367,1170000
368,1169829
369,1168745
370,1165182
371,1163806
372,1161561
373,1158989
374,1158627
375,1158625
376,1157900
377,1157891
378,1154617
379,1154086
380,1153860
381,1149829
382,1146761
383,1143078
384,1142483
385,1139400
386,1137000
387,1135512
388,1135166
389,1132761
390,1131819
391,1126790
392,1126345
393,1126306
394,1126000
395,1122555
396,1120000
397,1120000
398,1119477
399,1117094
400,1116700
401,1115300
402,1113321
403,1112021
404,1111000
405,1104585
406,1100091
407,1095404
408,1095189
409,1094294
410,1091799
411,1089000
412,1086200
413,1084420
414,1082993
415,1077300
416,1074300
417,1074036
418,1073921
419,1064200
420,1064197
421,1061447
422,1060138
423,1055373
424,1054336
425,1053505
426,1050080
427,1049831
428,1048672
429,1048240
430,1047020
431,1045370
432,1036027
433,1034175
434,1033975
435,1032048
436,1031903
437,1029670
438,1029552
439,1028800
440,1025244
441,1024906
442,1023000
443,1022002
444,1022001
445,1018762
446,1016885
447,1015140
448,1010295
449,1010000
450,1007654
451,1007285
452,1006749
453,1005570
454,1005500
455,1005319
456,1005043
457,1004820
458,1004741
459,1004500
460,1003626
461,1003285
462,1001318
463,1001000
464,999703
465,998537
466,998262
467,997447
468,997189
469,993468
470,990558
471,990025
472,988000
473,987007
474,986998
475,985143
476,980000
477,978600
478,975638
479,972784
480,972525
481,967020
482,966393
483,965154
484,963429
485,960787
486,960646
487,960418
488,960015
489,959303
490,957634
491,953253
492,951000
493,950017
494,948312
495,947499
496,946600
497,945420
498,944050
499,943857
500,941427
501,938695
502,936789
503,933596
504,930000
505,928592
506,920610
507,918889
508,915000
509,908200
510,907598
511,904165
512,899000
513,897135
514,896057
515,894440
516,889810
517,887069
518,885400
519,884456
520,883800
521,881711
522,878402
523,877682
524,876824
525,872575
526,872478
527,868066
528,866171
529,865356
530,865263
531,865000
532,863536
533,863495
534,862196
535,862044
536,861181
537,858437
538,852807
539,851405
540,234369
541,850726
542,846915
543,846871
544,843460
545,843429
546,843393
547,843120
548,843000
549,842583
550,840600
551,838321
552,837737
553,837442
554,836383
555,835361
556,835333
557,834881
558,831038
559,822553
560,820243
561,819429
562,814655
563,813053
564,811490
565,811489
566,811431
567,809232
568,809112
569,807129
570,806177
571,805304
572,803329
573,801542
574,800970
575,798364
576,797739
577,796947
578,794431
579,792862
580,792727
581,792211
582,790057
583,790017
584,788000
585,787177
586,784398
587,783032
588,780738
589,780514
590,779975
591,777682
592,777615
593,776873
594,776093
595,775255
596,773496
597,766736
598,766000
599,766000
600,764571
601,759894
602,759000
603,757933
604,757611
605,757175
606,756700
607,756143
608,756000
609,753194
610,752490
611,752349
612,751500
613,751225
614,744321
615,743715
616,741531
617,740925
618,740369
619,738128
620,735241
621,728892
622,727511
623,727500
624,726649
625,726075
626,722772
627,722250
628,720979
629,719363
630,717618
631,715061
632,713340
633,711329
634,710944
635,709700
636,709671
637,707613
638,706342
639,705649
640,705399
641,704114
642,703969
643,703345
644,703123
645,702400
646,702330
647,701753
648,701350
649,701293
650,696946
651,695793
652,693271
653,692348
654,692136
655,689775
656,688876
657,688701
658,686848
659,686722
660,686306
661,684322
662,681036
663,681000
664,680943
665,679600
666,677741
667,677000
668,676858
669,676464
670,675773
671,674433
672,674000
673,673616
674,673479
675,671551
676,670580
677,670348
678,670000
679,669773
680,669242
681,669021
682,668085
683,603066
684,667499
685,661444
686,658059
687,657760
688,655738
689,655631
690,654681
691,653450
692,653410
693,653337
694,653075
695,652405
696,651382
697,650000
698,649495
699,647100
700,646801
701,646449
702,645966
703,644799
704,644406
705,644045
706,643476
707,642653
708,642381
709,639951
710,639311
711,637637
712,637617
713,637302
714,637187
715,635464
716,634464
717,631898
718,631182
719,630131
720,629824
721,629659
722,629609
723,628306
724,626495
725,625697
726,625481
727,624281
728,623766
729,622104
730,620419
731,620318
732,618683
733,618376
734,617277
735,614074
736,612383
737,612000
738,611706
739,610613
740,610307
741,609893
742,609456
743,608836
744,606007
745,605196
746,605000
747,604297
748,603488
749,602088
750,601993
751,601574
752,600000
753,599164
754,598686
755,598470
756,598000
757,597511
758,597161
759,596165
760,596155
761,593768
762,592389
763,592381
764,592291
765,592000
766,589596
767,589466
768,588995
769,588935
770,588533
771,588126
772,586762
773,582774
774,579000
775,578420
776,577785
777,576203
778,575944
779,575942
780,575817
781,575512
782,575480
783,575356
784,573003
785,571041
786,569884
787,567900
788,567367
789,566996
790,566200
791,565000
792,564806
793,564491
794,562321
795,560725
796,557579
797,557333
798,556495
799,555000
800,554601
801,554547
802,552883
803,552573
804,552503
805,551000
806,550710
807,550564
808,549839
809,549383
810,549163
811,548547
812,543669
813,543003
814,542876
815,542580
816,542017
817,540318
818,539960
819,538188
820,538086
821,537102
822,536793
823,536271
824,536170
825,535686
826,535657
827,535303
828,534441
829,532132
830,531997
831,531562
832,531000
833,530754
834,529308
835,529055
836,527612
837,527000
838,526919
839,526827
840,526363
841,526116
842,525794
843,524958
844,521955
845,521273
846,520216
847,519948
848,518736
849,518709
850,518386
851,517831
852,517543
853,515833
854,515215
855,515068
856,513862
857,513000
858,513000
859,512296
860,511820
861,511323
862,509924
863,509157
864,508585
865,508209
866,508000
867,507833
868,507293
869,505959
870,505434
871,505346
872,505258
873,505139
874,503690
875,502400
876,501843
877,501719
878,500000
879,499776
880,499337
881,498876
882,498643
883,498269
884,498111
885,498058
886,496656
887,495470
888,495419
889,494013
890,491693
891,491500
892,491000
893,489333
894,489232
895,489160
896,488995
897,488292
898,488000
899,486855
900,486152
901,485217
902,484874
903,484785
904,484696
905,484573
906,484344
907,484212
908,483057
909,482632
910,480648
911,480263
912,479686
913,479386
914,479186
915,477603
916,477056
917,476780
918,476719
919,476428
920,476000
921,475630
922,474838
923,473189
924,472452
925,471006
926,470223
927,470149
928,469428
929,469066
930,469017
931,467875
932,467267
933,467157
934,467007
935,465989
936,465698
937,465690
938,465375
939,465000
940,464719
941,463454
942,463121
943,461524
944,461459
945,461368
946,461202
947,460711
948,460524
949,460000
950,459941
951,459440
952,458074
953,457749
954,457587
955,455783
956,455732
957,455623
958,455595
959,454553
960,453046
961,452472
962,452134
963,451735
964,451400
965,451246
966,449815
967,449047
968,448792
969,448776
970,448624
971,448479
972,448280
973,448028
974,447841
975,446757
976,445939
977,444681
978,444543
979,444325
980,443273
981,441802
982,441407
983,441351
984,439886
985,439866
986,438577
987,438354
988,437456
989,437012
990,436300
991,435751
992,435128
993,434353
994,433565
995,433242
996,432097
997,431998
998,431746
999,431471
1000,431061
1001,430987
1002,430025
1003,429632
1004,428940
1005,428890
1006,428579
1007,428323
1008,427367
1009,427146
1010,425950
1011,425038
1012,424920
1013,424755
1014,424662
1015,424619
1016,424150
1017,424124
1018,421397
1019,421116
1020,420850
1021,420556
1022,420286
1023,419839
1024,418557
1025,418495
1026,417650
1027,416464
1028,414977
1029,413934
1030,413850
1031,413786
1032,413616
1033,413294
1034,413006
1035,412779
1036,412252
1037,412049
1038,412003
1039,412000
1040,411954
1041,411800
1042,410984
1043,410733
1044,409644
1045,409613
1046,408952
1047,408759
1048,408560
1049,407896
1050,406898
1051,406253
1052,406201
1053,405715
1054,405385
1055,405337
1056,402912
1057,402843
1058,402646
1059,402628
1060,402275
1061,401705
1062,400070
1063,400000
1064,399688
1065,398138
1066,398121
1067,397965
1068,397368
1069,396795
1070,396193
1071,395227
1072,394961
1073,393167
1074,392869
1075,391698
1076,391297
1077,390700
1078,390329
1079,390212
1080,390113
1081,390073
1082,389377
1083,389102
1084,389036
1085,388821
1086,388627
1087,388412
1088,387269
1089,386851
1090,386552
1091,386435
1092,384914
1093,384504
1094,382754
1095,382299
1096,381598
1097,381583
1098,381474
1099,132326
1100,380953
1101,380941
1102,379638
1103,379577
1104,379149
1105,378915
1106,378715
1107,378422
1108,378204
1109,377888
1110,377045
1111,376833
1112,376093
1113,376000
1114,375999
1115,375939
1116,375566
1117,374706
1118,374011
1119,373987
1120,373725
1121,372695
1122,372463
1123,372175
1124,371380
1125,371217
1126,369860
1127,369815
1128,369473
1129,369151
1130,368100
1131,367539
1132,367419
1133,367393
1134,367250
1135,367000
1136,366343
1137,366191
1138,366100
1139,365736
1140,365113
1141,365101
1142,364599
1143,364562
1144,363928
1145,363630
1146,363210
1147,362185
1148,361991
1149,361734
1150,361454
1151,361366
1152,361339
1153,361274
1154,361019
1155,360707
1156,360009
1157,358462
1158,358159
1159,358000
1160,357279
1161,357264
1162,357000
1163,356840
1164,356771
1165,356352
1166,356118
1167,355953
1168,355823
1169,355413
1170,354600
1171,354228
1172,353950
1173,353577
1174,353337
1175,353040
1176,352957
1177,352907
1178,352565
1179,352444
1180,352362
1181,352204
1182,352104
1183,351838
1184,350905
1185,350511
1186,350504
1187,350467
1188,350000
1189,349947
1190,349543
1191,349526
1192,349525
1193,349175
1194,349033
1195,349000
1196,348920
1197,348739
1198,348216
1199,348049
1200,347884
1201,347809
1202,347486
1203,346922
1204,346854
1205,346788
1206,345821
1207,345803
1208,345012
1209,344803
1210,344766
1211,344426
1212,343488
1213,343304
1214,342944
1215,342703
1216,342328
1217,342053
1218,342000
1219,341838
1220,340387
1221,340199
1222,340000
1223,339979
1224,339822
1225,339736
1226,339715
1227,339461
1228,339395
1229,338650
1230,338560
1231,338429
1232,338366
1233,338153
1234,337848
1235,337000
1236,336262
1237,336239
1238,336222
1239,336000
1240,335693
1241,334870
1242,334535
1243,334329
1244,334227
1245,334002
1246,333311
1247,332863
1248,332767
1249,332177
1250,332000
1251,331888
1252,331779
1253,331674
1254,331479
1255,331320
1256,331254
1257,331000
1258,330574
1259,330451
1260,330106
1261,330000
1262,329868
1263,329536
1264,329287
1265,329024
1266,328864
1267,328699
1268,328555
1269,328100
1270,328000
1271,328000
1272,327917
1273,327460
1274,327448
1275,326729
1276,326473
1277,326336
1278,326017
1279,325548
1280,325020
1281,323674
1282,322821
1283,322271
1284,322030
1285,322000
1286,322000
1287,321957
1288,321885
1289,321616
1290,321062
1291,320475
1292,320183
1293,319769
1294,319310
1295,318813
1296,318676
1297,318642
1298,318592
1299,318576
1300,318488
1301,318416
1302,318332
1303,318058
1304,317886
1305,317595
1306,317517
1307,317363
1308,316973
1309,316619
1310,316381
1311,316327
1312,315788
1313,315649
1314,315596
1315,315474
1316,315310
1317,315186
1318,315147
1319,314900
1320,314805
1321,314590
1322,314546
1323,314239
1324,314162
1325,313679
1326,313503
1327,313110
1328,312942
1329,312255
1330,312113
1331,311485
1332,311472
1333,311299
1334,311287
1335,311000
1336,310467
1337,310104
1338,309762
1339,309709
1340,309319
1341,309259
1342,308989
1343,308922
1344,308680
1345,308637
1346,308428
1347,308318
1348,307671
1349,306584
1350,306009
1351,305884
1352,305841
1353,305821
1354,305632
1355,305607
1356,305421
1357,305155
1358,305147
1359,304600
1360,303754
1361,303475
1362,303428
1363,303346
1364,302040
1365,301624
1366,301416
1367,301249
1368,300950
1369,300943
1370,300713
1371,300707
1372,300471
1373,299746
1374,299708
1375,299431
1376,299423
1377,299108
1378,299103
1379,298926
1380,298866
1381,298681
1382,298643
1383,298625
1384,298224
1385,298118
1386,298017
1387,297943
1388,297517
1389,286073
1390,297284
1391,297084
1392,296690
1393,296417
1394,295883
1395,294875
1396,294873
1397,294577
1398,294310
1399,294150
1400,294128
1401,294116
1402,293725
1403,293717
1404,293695
1405,293605
1406,293000
1407,292934
1408,292521
1409,292162
1410,291917
1411,291872
1412,291822
1413,291225
1414,290937
1415,290868
1416,290817
1417,290733
1418,290521
1419,290269
1420,290269
1421,290139
1422,289831
1423,289504
1424,289355
1425,289233
1426,289215
1427,289148
1428,288730
1429,288353
1430,288054
1431,288000
1432,287977
1433,287841
1434,287570
1435,287035
1436,286974
1437,286497
1438,285912
1439,285813
1440,285067
1441,284970
1442,284670
1443,284506
1444,284487
1445,284288
1446,284244
1447,284079
1448,284032
1449,283924
1450,283517
1451,283468
1452,283396
1453,283243
1454,282981
1455,282918
1456,282441
1457,282313
1458,281799
1459,281494
1460,281492
1461,281434
1462,281413
1463,281348
1464,281222
1465,280415
1466,280309
1467,279765
1468,279720
1469,279655
1470,279653
1471,279639
1472,279591
1473,279340
1474,279074
1475,278767
1476,278427
1477,278188
1478,278003
1479,277959
1480,277382
1481,277056
1482,277017
1483,276995
1484,276542
1485,276524
1486,276459
1487,276165
1488,275325
1489,275138
1490,275087
1491,274942
1492,274838
1493,274509
1494,274490
1495,274409
1496,274352
1497,274082
1498,273892
1499,273871
1500,273547
1501,273450
1502,273400
1503,273244
1504,272918
1505,272709
1506,272676
1507,272447
1508,272240
1509,272231
1510,271786
1511,271782
1512,271295
1513,271073
1514,270814
1515,270811
1516,270689
1517,270366
1518,270211
1519,270046
1520,268738
1521,268679
1522,268574
1523,268507
1524,268347
1525,268321
1526,267662
1527,267631
1528,267571
1529,267102
1530,267005
1531,266627
1532,257894
1533,266370
1534,265857
1535,265833
1536,265775
1537,265747
1538,265626
1539,265606
1540,265409
1541,265101
1542,265051
1543,264991
1544,264986
1545,264439
1546,264290
1547,264158
1548,264091
1549,264062
1550,263908
1551,263704
1552,263647
1553,263179
1554,263000
1555,262832
1556,262801
1557,262346
1558,262340
1559,262308
1560,262259
1561,262154
1562,262124
1563,261825
1564,261662
1565,261445
1566,261099
1567,261011
1568,260899
1569,260607
1570,260419
1571,259790
1572,259555
1573,259480
1574,259329
1575,259252
1576,259081
1577,259056
1578,259053
1579,258959
1580,258150
1581,257850
1582,257763
1583,257352
1584,257351
1585,257342
1586,257062
1587,257000
1588,256790
1589,256790
1590,256780
1591,256613
1592,256584
1593,256496
1594,256393
1595,255671
1596,255483
1597,255430
1598,255370
1599,255283
1600,255266
1601,255088
1602,255084
1603,255029
1604,255015
1605,254886
1606,254650
1607,254158
1608,253651
1609,253208
1610,252981
1611,252945
1612,252320
1613,252127
1614,252026
1615,251757
1616,251466
1617,251462
1618,251136
1619,251033
1620,250660
1621,250645
1622,250303
1623,250099
1624,249998
1625,249688
1626,249595
1627,249584
1628,249473
1629,249146
1630,249131
1631,248894
1632,248890
1633,248800
1634,248716
1635,248649
1636,248445
1637,248436
1638,248380
1639,248251
1640,248242
1641,248237
1642,248150
1643,248142
1644,248130
1645,248006
1646,248000
1647,247227
1648,247119
1649,247074
1650,247000
1651,246911
1652,246880
1653,246835
1654,246392
1655,246139
1656,246118
1657,245779
1658,245475
1659,245419
1660,245283
1661,244783
1662,244768
1663,244696
1664,244400
1665,244168
1666,243795
1667,243544
1668,243411
1669,243344
1670,243151
1671,243126
1672,242946
1673,242883
1674,242801
1675,242672
1676,242604
1677,242458
1678,242272
1679,242022
1680,242011
1681,241823
1682,241694
1683,241683
1684,241613
1685,241606
1686,241533
1687,241327
1688,241100
1689,241000
1690,240951
1691,240934
1692,240654
1693,240522
1694,240504
1695,240438
1696,239932
1697,239599
1698,239538
1699,239363
1700,239281
1701,239253
1702,239215
1703,239185
1704,239182
1705,239157
1706,239029
1707,238958
1708,238284
1709,238276
1710,238209
1711,238031
1712,237964
1713,237686
1714,237676
1715,237361
1716,237279
1717,236989
1718,236854
1719,236716
1720,236473
1721,236441
1722,236269
1723,235983
1724,235983
1725,235967
1726,235827
1727,235769
1728,235685
1729,235568
1730,235279
1731,234945
1732,234632
1733,234566
1734,234224
1735,234063
1736,233990
1737,233841
1738,233659
1739,233634
1740,233572
1741,233529
1742,233394
1743,233294
1744,233255
1745,233023
1746,232798
1747,232662
1748,231978
1749,231944
1750,231824
1751,231592
1752,231565
1753,231557
1754,231229
1755,231021
1756,231005
1757,230810
1758,230614
1759,230571
1760,230336
1761,229972
1762,229956
1763,229887
1764,229872
1765,229624
1766,229525
1767,229426
1768,229407
1769,229329
1770,229307
1771,229207
1772,228653
1773,228643
1774,228561
1775,228496
1776,228378
1777,228123
1778,228025
1779,228001
1780,228000
1781,227944
1782,227735
1783,227568
1784,227564
1785,227560
1786,227392
1787,227180
1788,227168
1789,226988
1790,226970
1791,226918
1792,226877
1793,226728
1794,226602
1795,226517
1796,226326
1797,225982
1798,225903
1799,225306
1800,225235
1801,225163
1802,225074
1803,224922
1804,224912
1805,224826
1806,224586
1807,224473
1808,224329
1809,224304
1810,224146
1811,223898
1812,223567
1813,223449
1814,223365
1815,223127
1816,223086
1817,222673
1818,222619
1819,222556
1820,222544
1821,222516
1822,222479
1823,222330
1824,222226
1825,222071
1826,222065
1827,222058
1828,222035
1829,221875
1830,221814
1831,221762
1832,221520
1833,221334
1834,221178
1835,221174
1836,221122
1837,221062
1838,221000
1839,220962
1840,220651
1841,220599
1842,220389
1843,220286
1844,220250
1845,220143
1846,219941
1847,219915
1848,219901
1849,219878
1850,219749
1851,219629
1852,219467
1853,219053
1854,219000
1855,218991
1856,218925
1857,218643
1858,218472
1859,218275
1860,218150
1861,218130
1862,217365
1863,217062
1864,216981
1865,216825
1866,216776
1867,216724
1868,216637
1869,216628
1870,216626
1871,216588
1872,216083
1873,215780
1874,215745
1875,215636
1876,215636
1877,215610
1878,215377
1879,215293
1880,215271
1881,215178
1882,215050
1883,214851
1884,214830
1885,214798
1886,214414
1887,214237
1888,214114
1889,214049
1890,214000
1891,213777
1892,213708
1893,213581
1894,213110
1895,213101
1896,212968
1897,212958
1898,212744
1899,212533
1900,212527
1901,212378
1902,212283
1903,212253
1904,212152
1905,212113
1906,212012
1907,211968
1908,211966
1909,211943
1910,211884
1911,211825
1912,211774
1913,211718
1914,211644
1915,211611
1916,211608
1917,211453
1918,211266
1919,211184
1920,210721
1921,210699
1922,210546
1923,210358
1924,210218
1925,210175
1926,210146
1927,209962
1928,209742
1929,209473
1930,209438
1931,209170
1932,209097
1933,209012
1934,209000
1935,208411
1936,208386
1937,208080
1938,207510
1939,207421
1940,207317
1941,207314
1942,207178
1943,207036
1944,206990
1945,206973
1946,206946
1947,206923
1948,206818
1949,206610
1950,206500
1951,206490
1952,206440
1953,206250
1954,206175
1955,206081
1956,206070
1957,206023
1958,205933
1959,205683
1960,205567
1961,205557
1962,205456
1963,205276
1964,205183
1965,205112
1966,205100
1967,205062
1968,205000
1969,205000
1970,204949
1971,204933
1972,204895
1973,204880
1974,204870
1975,204853
1976,204690
1977,204667
1978,204661
1979,204635
1980,204486
1981,204477
1982,204412
1983,204408
1984,204336
1985,204268
1986,204240
1987,204000
1988,203874
1989,203813
1990,203731
1991,203600
1992,203469
1993,203446
1994,203431
1995,203428
1996,203342
1997,203142
1998,203116
1999,203111
2000,203003
2001,202938
2002,202826
2003,202824
2004,202735
2005,202714
2006,202672
2007,202370
2008,202360
2009,202325
2010,202221
2011,202033
2012,202014
2013,202009
2014,202000
2015,202000
2016,201912
2017,201868
2018,201557
2019,201466
2020,201373
2021,201332
2022,201186
2023,201183
2024,201175
2025,201096
2026,200958
2027,200958
2028,200883
2029,200772
2030,200746
2031,200545
2032,200538
2033,200524
2034,200506
2035,200481
2036,200327
2037,200315
2038,200271
2039,200059
2040,199963
2041,199817
2042,199791
2043,199766
2044,199750
2045,199662
2046,199627
2047,199374
2048,199303
2049,199219
2050,199154
2051,199057
2052,198841
2053,198836
2054,198819
2055,198750
2056,198413
2057,198383
2058,198285
2059,198100
2060,197869
2061,197735
2062,197662
2063,197575
2064,197551
2065,197450
2066,197449
2067,197437
2068,197398
2069,197392
2070,197382
2071,197369
2072,197359
2073,197357
2074,197351
2075,197350
2076,197307
2077,197216
2078,197211
2079,197165
2080,196918
2081,196913
2082,196800
2083,196621
2084,196524
2085,196429
2086,196305
2087,196150
2088,196050
2089,196021
2090,195875
2091,195844
2092,195733
2093,195675
2094,195620
2095,195363
2096,195296
2097,195222
2098,195104
2099,194976
2100,194919
2101,194899
2102,194532
2103,194488
2104,194461
2105,194313
2106,194094
2107,194087
2108,194009
2109,193983
2110,193931
2111,193629
2112,193563
2113,193370
2114,193350
2115,193302
2116,193240
2117,193212
2118,193127
2119,193093
2120,192756
2121,192294
2122,192008
2123,191826
2124,191764
2125,191662
2126,191619
2127,191588
2128,191297
2129,191218
2130,191200
2131,191180
2132,191139
2133,190708
2134,190513
2135,190420
2136,190184
2137,190064
2138,190000
2139,189863
2140,189660
2141,189502
2142,189474
2143,189453
2144,189233
2145,189072
2146,188986
2147,188968
2148,188863
2149,188430
2150,188337
2151,188295
2152,188278
2153,188013
2154,188003
2155,187711
2156,187567
2157,187442
2158,187405
2159,187251
2160,187185
2161,187106
2162,187098
2163,187087
2164,187056
2165,186895
2166,186852
2167,186525
2168,186462
2169,186460
2170,186411
2171,186262
2172,186254
2173,186241
2174,186000
2175,185996
2176,185937
2177,185925
2178,185925
2179,185895
2180,185865
2181,185829
2182,185705
2183,185623
2184,185574
2185,185543
2186,185242
2187,185204
2188,185190
2189,184940
2190,184836
2191,184661
2192,184655
2193,184506
2194,184470
2195,184460
2196,184252
2197,184239
2198,184133
2199,184105
2200,184000
2201,183859
2202,183656
2203,183549
2204,183383
2205,183372
2206,183352
2207,183270
2208,183269
2209,183037
2210,182903
2211,182800
2212,182767
2213,182563
2214,182563
2215,182544
2216,182544
2217,182526
2218,182350
2219,182263
2220,182201
2221,182020
2222,181900
2223,181860
2224,181702
2225,181556
2226,181418
2227,181260
2228,181210
2229,181100
2230,180797
2231,180702
2232,180617
2233,180600
2234,180454
2235,180414
2236,180353
2237,180180
2238,180000
2239,179992
2240,179937
2241,179755
2242,179745
2243,179735
2244,179697
2245,179689
2246,179602
2247,179590
2248,179526
2249,179482
2250,179352
2251,179274
2252,178965
2253,178915
2254,178884
2255,178846
2256,178538
2257,178526
2258,178517
2259,178363
2260,178205
2261,178192
2262,178148
2263,178021
2264,178020
2265,178000
2266,177994
2267,177971
2268,177944
2269,177798
2270,177658
2271,177588
2272,177563
2273,177219
2274,177209
2275,177201
2276,177169
2277,177087
2278,177011
2279,177009
2280,177000
2281,176973
2282,176909
2283,176851
2284,176713
2285,176525
2286,176504
2287,176370
2288,176349
2289,176139
2290,176048
2291,176046
2292,176000
2293,175675
2294,175670
2295,175639
2296,175502
2297,175497
2298,175455
2299,175178
2300,175140
2301,175103
2302,175047
2303,175000
2304,174974
2305,174931
2306,174619
2307,174589
2308,174493
2309,174472
2310,174436
2311,174433
2312,174402
2313,174402
2314,174364
2315,174355
2316,174230
2317,174164
2318,174139
2319,174080
2320,174047
2321,173960
2322,173936
2323,173922
2324,173837
2325,173761
2326,173625
2327,173588
2328,173531
2329,173366
2330,173350
2331,173100
2332,173000
2333,172919
2334,172794
2335,172778
2336,172728
2337,172638
2338,172583
2339,172499
2340,172402
2341,172389
2342,172339
2343,172275
2344,172213
2345,172137
2346,172110
2347,171990
2348,171932
2349,171916
2350,171824
2351,171824
2352,171773
2353,171482
2354,171472
2355,171386
2356,171284
2357,171282
2358,171260
2359,171200
2360,171081
2361,171056
2362,171016
2363,170994
2364,170986
2365,170964
2366,170931
2367,170771
2368,170751
2369,170715
2370,170600
2371,170576
2372,170473
2373,170426
2374,170332
2375,170327
2376,170263
2377,170189
2378,170008
2379,169927
2380,169571
2381,169482
2382,169466
2383,169384
2384,169333
2385,169201
2386,169013
2387,169000
2388,168880
2389,168729
2390,168720
2391,168655
2392,168518
2393,168485
2394,168443
2395,168228
2396,168188
2397,167986
2398,167962
2399,167960
2400,167958
2401,167895
2402,167850
2403,167666
2404,167555
2405,167527
2406,167500
2407,167451
2408,167419
2409,167405
2410,167281
2411,167176
2412,166893
2413,166782
2414,166640
2415,166634
2416,166505
2417,166443
2418,166420
2419,166419
2420,166344
2421,166342
2422,166284
2423,166225
2424,166205
2425,166087
2426,166003
2427,165984
2428,165831
2429,165799
2430,165511
2431,165420
2432,165363
2433,165346
2434,165327
2435,165241
2436,165220
2437,165206
2438,165131
2439,165130
2440,165072
2441,164741
2442,164676
2443,164649
2444,164532
2445,164265
2446,164252
2447,164249
2448,164248
2449,164180
2450,164122
2451,164000
2452,163971
2453,163840
2454,163745
2455,163676
2456,163630
2457,163472
2458,163457
2459,163385
2460,163342
2461,163304
2462,163172
2463,163140
2464,163047
2465,163045
2466,162941
2467,162920
2468,162889
2469,162885
2470,162877
2471,162812
2472,162652
2473,162592
2474,162500
2475,162427
2476,162379
2477,162362
2478,162329
2479,162283
2480,162275
2481,162079
2482,161887
2483,161868
2484,161700
2485,161595
2486,161518
2487,161512
2488,161468
2489,161275
2490,161263
2491,161150
2492,161007
2493,160838
2494,160819
2495,160765
2496,160735
2497,160614
2498,160508
2499,160322
2500,160291
2501,160257
2502,160169
2503,160158
2504,160143
2505,160100
2506,160000
2507,159848
2508,159775
2509,159758
2510,159753
2511,159633
2512,159618
2513,159610
2514,159523
2515,159503
2516,159312
2517,159190
2518,159000
2519,158987
2520,158864
2521,158856
2522,158846
2523,158812
2524,158700
2525,158694
2526,158299
2527,158273
2528,158248
2529,158191
2530,158089
2531,158027
2532,157902
2533,157837
2534,157793
2535,157600
2536,157570
2537,157532
2538,157474
2539,157461
2540,157396
2541,157349
2542,157303
2543,157205
2544,157161
2545,157084
2546,157078
2547,157010
2548,156967
2549,156953
2550,156928
2551,156831
2552,156723
2553,156686
2554,156634
2555,156530
2556,156400
2557,156320
2558,156315
2559,156274
2560,156197
2561,156136
2562,156123
2563,156099
2564,156060
2565,156059
2566,156049
2567,156006
2568,156000
2569,155959
2570,155926
2571,155900
2572,155768
2573,155668
2574,155662
2575,155659
2576,155637
2577,155540
2578,155508
2579,155439
2580,155436
2581,155432
2582,155338
2583,155271
2584,155203
2585,155175
2586,155174
2587,155159
2588,155144
2589,155134
2590,154962
2591,154911
2592,154693
2593,154665
2594,154606
2595,154548
2596,154417
2597,154358
2598,154353
2599,154244
2600,154000
2601,153906
2602,153806
2603,153778
2604,153766
2605,153740
2606,153703
2607,153696
2608,153680
2609,153560
2610,153526
2611,153479
2612,153422
2613,153362
2614,153353
2615,153322
2616,153250
2617,153159
2618,153085
2619,153036
2620,152895
2621,152840
2622,152785
2623,152735
2624,152585
2625,152454
2626,152393
2627,152272
2628,152252
2629,152247
2630,152242
2631,152223
2632,152208
2633,152113
2634,152061
2635,152010
2636,151908
2637,151893
2638,151835
2639,151781
2640,151774
2641,151574
2642,151500
2643,151469
2644,151420
2645,151379
2646,151348
2647,151245
2648,151243
2649,151212
2650,151161
2651,151088
2652,151047
2653,151000
2654,150700
2655,150454
2656,150432
2657,150420
2658,150309
2659,150299
2660,150269
2661,150251
2662,150200
2663,150116
2664,150005
2665,150000
2666,149923
2667,149891
2668,149855
2669,149837
2670,149796
2671,149769
2672,149743
2673,149715
2674,149675
2675,149646
2676,149642
2677,149606
2678,149594
2679,149581
2680,149479
2681,149467
2682,149404
2683,149348
2684,149317
2685,149207
2686,149140
2687,149125
2688,149060
2689,148935
2690,148892
2691,148873
2692,148857
2693,148738
2694,148567
2695,148559
2696,148528
2697,148483
2698,148445
2699,148384
2700,148234
2701,148203
2702,148085
2703,148017
2704,148000
2705,147912
2706,147898
2707,147838
2708,147806
2709,147777
2710,147618
2711,147614
2712,147571
2713,147559
2714,147492
2715,147483
2716,147396
2717,147268
2718,147216
2719,147214
2720,147126
2721,147123
2722,147046
2723,147039
2724,147036
2725,147020
2726,146998
2727,146995
2728,146896
2729,146892
2730,146885
2731,146769
2732,146758
2733,146714
2734,146585
2735,146559
2736,146526
2737,146418
2738,146294
2739,146234
2740,146128
2741,146115
2742,146114
2743,146075
2744,146032
2745,145948
2746,145945
2747,145920
2748,145795
2749,145769
2750,145687
2751,145676
2752,145637
2753,145584
2754,145441
2755,145380
2756,145285
2757,145262
2758,145237
2759,145151
2760,145150
2761,145150
2762,145126
2763,145117
2764,145040
2765,145025
2766,144975
2767,144864
2768,144838
2769,144800
2770,144683
2771,144669
2772,144633
2773,144546
2774,144507
2775,144392
2776,144330
2777,144140
2778,144114
2779,144000
2780,143986
2781,143933
2782,143848
2783,143817
2784,143807
2785,143770
2786,143753
2787,143683
2788,143659
2789,143484
2790,143369
2791,143369
2792,143355
2793,143312
2794,143308
2795,143282
2796,143270
2797,143235
2798,143126
2799,143111
2800,143090
2801,143060
2802,143023
2803,143016
2804,143000
2805,142961
2806,142913
2807,142772
2808,142743
2809,142709
2810,142691
2811,142643
2812,142635
2813,142626
2814,142497
2815,142494
2816,142483
2817,142357
2818,142283
2819,142280
2820,142205
2821,142124
2822,142073
2823,142047
2824,142000
2825,141975
2826,141893
2827,141877
2828,141767
2829,141766
2830,141742
2831,141708
2832,141703
2833,141630
2834,141627
2835,141468
2836,141439
2837,141438
2838,141392
2839,141343
2840,141341
2841,141303
2842,141291
2843,141222
2844,141143
2845,140896
2846,140892
2847,140847
2848,140816
2849,140741
2850,140740
2851,140680
2852,140628
2853,140567
2854,140540
2855,140474
2856,140454
2857,140430
2858,140430
2859,140357
2860,140276
2861,140252
2862,140100
2863,140097
2864,139969
2865,139887
2866,139860
2867,139791
2868,139743
2869,139738
2870,139731
2871,139721
2872,139587
2873,139509
2874,139403
2875,139154
2876,139150
2877,139103
2878,139068
2879,138981
2880,138878
2881,138865
2882,138814
2883,138793
2884,138718
2885,138697
2886,138661
2887,138650
2888,138649
2889,138609
2890,138553
2891,138516
2892,138272
2893,138241
2894,138188
2895,138082
2896,138036
2897,137923
2898,137899
2899,137881
2900,137835
2901,137815
2902,137750
2903,137737
2904,137735
2905,137722
2906,137704
2907,137662
2908,137505
2909,137475
2910,137472
2911,137383
2912,137164
2913,137147
2914,137068
2915,137054
2916,137000
2917,136940
2918,136920
2919,136913
2920,136851
2921,136799
2922,136791
2923,136699
2924,136639
2925,136635
2926,136595
2927,136412
2928,136302
2929,136292
2930,136263
2931,136236
2932,136142
2933,136091
2934,136086
2935,136082
2936,136057
2937,135895
2938,135813
2939,135794
2940,135669
2941,135536
2942,135500
2943,135472
2944,135330
2945,135185
2946,135174
2947,135145
2948,135013
2949,134966
2950,134924
2951,134906
2952,134873
2953,134871
2954,134817
2955,134665
2956,134631
2957,134548
2958,134534
2959,134497
2960,134491
2961,134400
2962,134372
2963,134344
2964,134340
2965,134285
2966,134233
2967,134218
2968,134111
2969,134000
2970,133992
2971,133972
2972,133935
2973,133927
2974,133718
2975,133700
2976,133600
2977,133579
2978,133547
2979,133533
2980,133528
2981,133448
2982,133441
2983,133433
2984,133411
2985,133358
2986,133315
2987,133301
2988,133281
2989,133220
2990,133188
2991,133179
2992,133041
2993,133009
2994,133000
2995,132975
2996,132896
2997,132804
2998,132626
2999,132609
3000,132480
3001,132438
3002,132311
3003,132267
3004,132210
3005,132208
3006,132144
3007,132115
3008,132078
3009,132018
3010,131938
3011,131885
3012,131854
3013,131809
3014,131800
3015,131630
3016,131527
3017,131513
3018,131512
3019,131450
3020,131360
3021,131356
3022,131283
3023,131269
3024,131250
3025,131224
3026,131187
3027,131150
3028,131067
3029,131024
3030,131016
3031,131014
3032,131000
3033,130992
3034,130960
3035,130946
3036,130820
3037,130790
3038,130660
3039,130517
3040,130295
3041,130288
3042,130271
3043,130255
3044,130035
3045,130026
3046,129981
3047,129922
3048,129883
3049,129706
3050,129667
3051,129646
3052,129637
3053,129580
3054,129522
3055,129509
3056,129424
3057,129418
3058,129388
3059,129361
3060,129301
3061,129273
3062,129265
3063,129246
3064,129245
3065,129242
3066,129201
3067,129194
3068,129194
3069,129161
3070,129136
3071,129118
3072,129075
3073,129030
3074,129011
3075,128956
3076,128930
3077,128927
3078,128848
3079,128812
3080,128757
3081,128750
3082,128731
3083,128686
3084,128506
3085,128503
3086,128458
3087,128429
3088,128421
3089,128400
3090,128369
3091,128358
3092,128357
3093,128273
3094,128201
3095,128130
3096,128108
3097,127999
3098,127982
3099,127953
3100,127931
3101,127892
3102,127857
3103,127763
3104,127757
3105,127757
3106,127732
3107,127726
3108,127679
3109,127661
3110,127657
3111,127582
3112,127569
3113,127558
3114,127500
3115,127488
3116,127474
3117,127359
3118,127345
3119,127226
3120,127174
3121,127173
3122,127171
3123,127125
3124,127035
3125,126902
3126,126884
3127,126874
3128,126817
3129,126811
3130,126810
3131,126729
3132,126700
3133,126631
3134,126604
3135,126574
3136,126507
3137,126479
3138,126460
3139,126456
3140,126276
3141,126181
3142,126143
3143,126105
3144,126092
3145,126035
3146,126000
3147,125962
3148,125880
3149,125847
3150,125808
3151,125800
3152,125787
3153,125787
3154,125610
3155,125528
3156,125528
3157,125451
3158,125447
3159,125408
3160,125353
3161,125350
3162,125345
3163,125300
3164,125274
3165,125246
3166,125183
3167,125178
3168,125083
3169,125017
3170,125000
3171,124892
3172,124773
3173,124698
3174,124679
3175,124679
3176,124650
3177,124644
3178,124623
3179,124557
3180,124550
3181,124435
3182,124370
3183,124323
3184,124316
3185,124291
3186,124288
3187,124276
3188,124245
3189,124173
3190,124098
3191,124003
3192,123933
3193,123885
3194,123825
3195,123777
3196,123767
3197,123743
3198,123720
3199,123662
3200,123657
3201,123616
3202,123613
3203,123596
3204,123546
3205,123533
3206,123512
3207,123484
3208,123477
3209,123329
3210,123293
3211,123255
3212,123205
3213,123155
3214,123114
3215,123099
3216,123081
3217,123034
3218,123000
3219,122916
3220,122896
3221,122686
3222,122668
3223,122627
3224,122568
3225,122545
3226,122508
3227,122500
3228,122457
3229,122443
3230,122362
3231,122335
3232,122326
3233,122326
3234,122307
3235,122216
3236,122205
3237,122201
3238,122154
3239,122131
3240,122122
3241,122044
3242,122032
3243,122031
3244,122020
3245,121992
3246,121976
3247,121716
3248,121701
3249,121670
3250,121610
3251,121610
3252,121500
3253,121486
3254,121479
3255,121470
3256,121430
3257,121358
3258,121350
3259,121341
3260,121096
3261,121049
3262,121040
3263,120999
3264,120982
3265,120960
3266,120948
3267,120944
3268,120940
3269,120936
3270,120883
3271,120861
3272,120844
3273,120822
3274,120774
3275,120750
3276,120738
3277,120729
3278,120719
3279,120678
3280,120650
3281,120473
3282,120460
3283,120440
3284,120414
3285,120398
3286,120331
3287,120310
3288,120305
3289,120245
3290,120217
3291,120204
3292,120196
3293,120124
3294,120099
3295,120055
3296,120004
3297,120000
3298,119980
3299,119962
3300,119915
3301,119898
3302,119808
3303,119768
3304,119744
3305,119725
3306,119719
3307,119644
3308,119598
3309,119418
3310,119397
3311,119371
3312,119358
3313,119252
3314,119230
3315,119218
3316,119203
3317,119071
3318,119056
3319,118998
3320,118946
3321,118945
3322,118864
3323,118853
3324,118837
3325,118832
3326,118820
3327,118801
3328,118748
3329,118707
3330,118660
3331,118652
3332,118618
3333,118614
3334,118591
3335,118577
3336,118521
3337,118496
3338,118468
3339,118423
3340,118378
3341,118323
3342,118312
3343,118295
3344,118289
3345,118281
3346,118267
3347,118227
3348,118202
3349,118197
3350,118195
3351,118163
3352,118122
3353,118071
3354,118070
3355,118056
3356,118000
3357,118000
3358,117949
3359,117927
3360,117916
3361,117908
3362,117796
3363,117787
3364,117754
3365,117665
3366,117632
3367,117600
3368,117600
3369,117546
3370,117487
3371,117476
3372,117457
3373,117419
3374,117374
3375,117352
3376,117340
3377,117327
3378,117320
3379,117283
3380,117262
3381,117240
3382,117184
3383,117167
3384,117143
3385,117097
3386,117093
3387,117044
3388,117025
3389,117006
3390,116948
3391,116914
3392,116898
3393,116891
3394,116768
3395,116745
3396,116714
3397,116706
3398,116664
3399,116631
3400,116626
3401,116618
3402,116513
3403,116506
3404,116467
3405,116454
3406,116393
3407,116366
3408,116355
3409,116340
3410,116329
3411,116326
3412,116319
3413,116289
3414,116288
3415,116286
3416,116215
3417,116200
3418,116110
3419,116064
3420,116055
3421,115908
3422,115878
3423,115871
3424,115858
3425,115708
3426,115693
3427,115633
3428,115632
3429,115609
3430,115604
3431,115603
3432,115595
3433,115547
3434,115515
3435,115505
3436,115473
3437,115470
3438,115405
3439,115403
3440,115359
3441,115320
3442,115319
3443,115290
3444,115287
3445,115278
3446,115276
3447,115184
3448,115116
3449,115084
3450,115052
3451,115026
3452,115019
3453,115016
3454,115000
3455,115000
3456,114964
3457,114963
3458,114866
3459,114845
3460,114825
3461,114789
3462,114763
3463,114707
3464,114636
3465,114626
3466,114609
3467,114575
3468,114472
3469,114447
3470,114428
3471,114332
3472,114254
3473,114213
3474,114205
3475,114167
3476,114127
3477,114108
3478,114087
3479,114074
3480,114007
3481,114000
3482,113993
3483,113972
3484,113836
3485,113833
3486,113806
3487,113749
3488,113726
3489,113658
3490,113600
3491,113555
3492,113442
3493,113426
3494,113249
3495,113242
3496,113197
3497,113181
3498,113143
3499,113128
3500,113127
3501,113114
3502,113082
3503,113012
3504,112921
3505,112921
3506,112917
3507,112815
3508,112778
3509,112705
3510,112659
3511,112625
3512,112550
3513,112543
3514,112402
3515,112320
3516,112318
3517,112311
3518,112174
3519,112102
3520,112096
3521,112085
3522,112085
3523,112067
3524,112046
3525,112032
3526,111897
3527,111804
3528,111787
3529,111763
3530,111753
3531,111707
3532,111660
3533,111652
3534,111633
3535,111628
3536,111620
3537,111586
3538,111542
3539,111524
3540,111447
3541,111378
3542,111357
3543,111231
3544,111149
3545,111109
3546,111071
3547,111067
3548,111037
3549,111034
3550,111013
3551,110993
3552,110980
3553,110972
3554,110945
3555,110945
3556,110933
3557,110932
3558,110917
3559,110901
3560,110878
3561,110877
3562,110855
3563,110813
3564,110742
3565,110720
3566,110660
3567,110643
3568,110565
3569,110563
3570,110550
3571,110496
3572,110491
3573,110464
3574,110411
3575,110398
3576,110388
3577,110378
3578,110340
3579,110304
3580,110280
3581,110243
3582,110241
3583,110230
3584,110145
3585,110119
3586,110116
3587,110091
3588,110077
3589,110058
3590,109953
3591,109943
3592,109919
3593,109914
3594,109839
3595,109821
3596,109787
3597,109779
3598,109724
3599,109703
3600,109676
3601,109588
3602,109575
3603,109521
3604,109493
3605,109489
3606,109450
3607,109425
3608,109397
3609,109343
3610,109320
3611,109298
3612,109285
3613,109229
3614,109217
3615,109207
3616,109081
3617,109059
3618,109011
3619,109000
3620,108955
3621,108954
3622,108902
3623,108861
3624,108844
3625,108843
3626,108817
3627,108765
3628,108753
3629,108710
3630,108666
3631,108662
3632,108629
3633,108628
3634,108573
3635,108505
3636,108505
3637,108449
3638,108400
3639,108368
3640,108335
3641,108249
3642,108249
3643,108244
3644,108130
3645,108052
3646,108048
3647,108048
3648,108010
3649,108000
3650,107904
3651,107845
3652,107806
3653,107741
3654,107740
3655,107702
3656,107679
3657,107652
3658,107571
3659,107504
3660,107479
3661,107412
3662,107369
3663,107347
3664,107323
3665,107319
3666,107289
3667,107282
3668,107233
3669,107223
3670,107131
3671,107129
3672,107100
3673,107086
3674,107076
3675,107038
3676,106954
3677,106934
3678,106887
3679,106840
3680,106815
3681,106785
3682,106780
3683,106772
3684,106768
3685,106767
3686,106757
3687,106710
3688,106708
3689,106666
3690,106666
3691,106643
3692,106635
3693,106589
3694,106576
3695,106562
3696,106555
3697,106524
3698,106507
3699,106500
3700,106472
3701,106444
3702,106365
3703,106285
3704,106254
3705,106171
3706,106166
3707,106142
3708,106116
3709,106114
3710,106050
3711,105980
3712,105919
3713,105879
3714,105802
3715,105773
3716,105722
3717,105687
3718,105676
3719,105673
3720,105671
3721,105624
3722,105598
3723,105531
3724,105520
3725,105506
3726,105469
3727,105452
3728,105431
3729,105421
3730,105417
3731,105370
3732,105286
3733,105274
3734,105269
3735,105229
3736,105221
3737,105165
3738,105141
3739,105085
3740,105018
3741,104974
3742,104950
3743,104946
3744,104914
3745,104904
3746,104899
3747,104898
3748,104898
3749,104836
3750,104809
3751,104779
3752,104758
3753,104756
3754,104739
3755,104712
3756,104709
3757,104617
3758,104566
3759,104564
3760,104559
3761,104516
3762,104475
3763,104467
3764,104454
3765,104426
3766,104410
3767,104390
3768,104352
3769,104343
3770,104312
3771,104312
3772,104232
3773,104148
3774,104146
3775,104063
3776,104054
3777,104047
3778,104028
3779,104020
3780,104019
3781,104011
3782,104000
3783,103992
3784,103988
3785,103974
3786,103912
3787,103843
3788,103839
3789,103792
3790,103760
3791,103725
3792,103724
3793,103718
3794,103690
3795,103641
3796,103577
3797,103544
3798,103500
3799,103496
3800,103490
3801,103428
3802,103369
3803,103346
3804,103300
3805,103282
3806,103209
3807,103199
3808,103166
3809,103125
3810,103108
3811,103061
3812,103036
3813,103006
3814,103004
3815,103000
3816,103000
3817,103000
3818,102999
3819,102998
3820,102991
3821,102948
3822,102900
3823,102860
3824,102841
3825,102838
3826,102837
3827,102798
3828,102770
3829,102700
3830,102690
3831,102667
3832,102629
3833,102629
3834,102591
3835,102559
3836,102520
3837,102465
3838,102456
3839,102436
3840,102421
3841,102406
3842,102383
3843,102339
3844,102285
3845,102265
3846,102253
3847,102222
3848,102216
3849,102211
3850,102173
3851,102167
3852,102157
3853,102134
3854,102106
3855,102087
3856,102039
3857,102000
3858,102000
3859,101997
3860,101987
3861,101984
3862,101955
3863,101933
3864,101910
3865,101885
3866,101867
3867,101851
3868,101810
3869,101760
3870,101752
3871,101740
3872,101654
3873,101571
3874,101550
3875,101520
3876,101510
3877,101502
3878,101488
3879,101450
3880,101432
3881,101363
3882,101330
3883,101324
3884,101305
3885,101248
3886,101234
3887,101180
3888,101173
3889,101136
3890,101128
3891,101122
3892,101120
3893,101115
3894,101074
3895,101056
3896,101010
3897,100911
3898,100910
3899,100886
3900,100792
3901,100779
3902,100733
3903,100730
3904,100710
3905,100694
3906,100684
3907,100671
3908,100618
3909,100574
3910,100574
3911,100550
3912,100547
3913,100519
3914,100507
3915,100500
3916,100478
3917,100476
3918,100436
3919,100412
3920,100383
3921,100376
3922,100362
3923,100223
3924,100200
3925,100077
3926,100075
3927,100065
3928,100065
3929,100064
3930,100060
3931,100036
3932,100024
3933,203866
3934,373077
3935,165118
3936,431988
3937,102314
3938,106929
3939,106368
3940,108098
3941,1884284
3942,2702315
3943,2719835
3944,235022
3945,270883
3946,2058328
3947,2778992
3948,3966818
3949,150997
3950,369534
3951,145022
3952,9585636
3953,100050
